RMSE: 2.4299757214869593
MAE: 1.2035726628430088
R2: 0.9940746971056701